1989197
1988398
1988371
1988343
1985164
1985002
1984688
1984275
1982952
1982091
1980588
1979321
1978135
1978101
1977502
1974211
1972641
1970914
1970542
1970277
1970267
1970000
1967242
1966836
1966459
1965436
1965273
1963744
1961810
1961584
1960753
1960043
1957149
1956809
1956496
1944978
1942102
1941957
1941937
1941479
1940855
1938936
1938541
1937176
1936081
1935390
1935264
1934949
1933094
1932725
1931339
1931045
1930823
1930628
1930397
1928722
1928180
1922685
1919392
1917538
1917419
1912131
1911858
1911366
1909901
1909271
1905347
1900506
1900456
1900394
1900307
1898532
1897935
1897742
1893153
1892186
1888592
1887987
1887138
1886720
1886660
1886329
1886102
1885086
1885002
1880272
1879934
1879729
1879411
1878156
1877684
1877483
1877444
1877428
1876549
1875383
1874898
1874101
1872458
1871477
1871050
1867488
1866412
1863670
1863414
1862930
1862841
1861634
1859883
1858653
1858437
1858276
1857693
1856625
1855574
1854244
1852991
1852922
1852427
1850578
1850502
1850411
1848727
1846402
1845765
1845047
1843617
1842253
1841067
1839398
1836817
1836475
1836100
1836090
1835859
1835305
1834391
1833605
1832360
1829989
1828910
1828210
1827719
1827603
1826328
1826160
1821976
1820794
1818352
1817924
1817459
1816790
1816453
1814428
1813337
1812464
1811245
1809784
1809640
1809547
1808746
1808064
1805927
1805422
1804395
1804066
1803959
1802870
1802297
1801664
1801142
1800421
1796954
1795969
1794783
1792891
1792790
1792307
1791967
1789091
1787936
1787904
1786935
1785171
1782882
1782713
1782206
1780587
1780504
1780220
1776943
1776036
1775634
1775593
1773225
1772881
1770151
1767878
1766327
1766070
1763404
1762992
1762964
1760609
1758211
1757850
1753719
1753475
1752883
1752733
1750067
1750015
1748724
1748047
1747989
1747204
1746438
1745628
1745085
1744362
1742647
1741021
1740456
1740298
1739509
1739413
1739307
1737360
1734461
1733896
1733657
1733502
1732575
1729621
1729172
1729017
1728619
1727334
1725043
1724781
1724708
1723764
1723178
1722722
1721678
1721305
1720888
1718749
1717439
1716600
1716169
1716033
1715620
1715427
1715408
1714082
1713778
1712805
1710078
1708127
1707948
1707827
1707145
1706491
1705111
1701032
1700033
1696296
1695732
1695727
1694845
1694652
1694614
1693998
1693943
1693805
1693756
1693082
1692091
1692006
1691354
1691086
1690519
1690430
1689218
1689137
1688930
1684685
1683010
1682117
1681304
1680482
1679999
1679943
1674743
1674403
1674176
1672835
1672443
1672316
1671752
1670395
1668839
1668770
1668500
1665183
1663791
1662130
1661971
1661163
1660579
1660390
1660303
1659216
1659192
1656682
1653963
1653718
1652578
1651562
1650703
1650549
1650548
1649654
1648903
1648097
1648044
1646287
1646283
1644865
1644561
1644303
1643482
1642532
1641636
1641571
1641256
1640668
1640514
1639488
1637894
1637213
1636477
1636379
1635904
1634480
1634243
1632879
1631598
1629932
1629754
1629319
1628822
1628392
1627130
1626771
1626030
1625771
1623895
1623649
1623543
1622311
1620874
1620782
1620772
1620715
1620706
1620268
1619496
1619406
1617716
1617095
1616915
1616622
1616454
1616118
1615921
1613543
1612388
1611735
1610034
1610001
1609766
1608791
1608663
1607207
1606885
1606665
1606568
1605306
1604541
1602530
1602090
1601500
1601425
1600565
1599975
1599664
1598177
1597119
1592452
1590471
1590137
1588875
1588524
1587783
1586068
1585921
1585235
1583043
1581302
1580577
1580409
1577882
1576883
1575926
1574707
1574054
1572701
1572606
1571224
1568926
1567198
1566773
1566563
1565273
1563394
1563193
1561534
1561173
1557600
1557486
1556980
1556930
1555541
1555461
1555154
1554431
1553184
1553040
1552397
1551635
1550141
1549030
1548628
1548258
1547999
1546030
1545372
1543852
1543038
1542293
1542202
1541279
1539922
1538241
1537553
1535826
1534851
1534061
1533133
1532416
1531421
1530628
1530211
1529692
1529094
1528930
1527469
1525891
1525231
1524854
1523649
1522604
1522149
1520131
1518869
1518497
1517620
1517512
1514625
1513934
1511127
1510167
1509539
1509296
1508071
1507591
1506876
1505807
1504978
1504748
1503931
1503860
1503490
1503179
1502400
1501642
1501302
1500636
1499525
1498601
1498535
1497858
1496571
1495225
1494616
1494512
1493818
1492746
1490699
1490230
1489247
1488123
1487901
1487768
1487402
1486924
1486747
1486384
1486230
1485855
1484899
1484886
1484849
1484841
1484481
1483916
1483180
1483079
1481005
1480758
1479349
1478491
1476583
1475753
1475404
1473586
1473476
1471990
1471557
1470657
1470454
1470433
1470363
1470121
1468182
1467041
1466522
1465035
1464945
1464129
1463985
1462037
1461882
1461543
1461466
1458287
1458091
1457176
1457071
1456342
1455984
1454660
1453985
1452727
1452517
1452341
1452260
1452099
1451517
1450429
1450165
1448332
1448236
1447636
1447289
1447233
1445953
1445828
1444585
1444349
1443796
1443789
1443552
1443494
1443484
1441870
1440611
1440373
1439495
1439297
1439282
1439119
1438861
1438695
1435760
1435482
1434996
1434628
1433149
1432653
1432647
1432566
1431391
1430368
1429519
1428611
1425217
1423461
1423400
1423351
1423296
1422660
1422152
1420414
1420408
1419407
1418471
1417667
1416830
1416450
1416435
1415983
1415532
1414540
1414197
1414125
1412218
1411420
1411053
1409897
1408846
1408786
1408083
1407656
1405854
1405360
1404731
1404116
1403674
1403507
1403416
1402727
1400783
1398501
1398209
1397791
1397021
1396905
1396898
1396841
1396492
1395689
1395392
1394240
1392577
1391412
1391221
1390710
1390547
1390045
1390027
1389780
1389033
1388393
1388062
1387544
1387045
1386797
1386762
1386617
1386471
1385071
1385057
1384636
1384508
1383143
1381579
1380251
1380227
1379629
1379395
1378652
1377962
1377558
1377203
1377056
1376901
1375826
1375459
1375389
1375339
1375058
1374887
1374480
1374306
1373873
1373622
1372886
1372865
1372650
1372432
1372421
1371636
1370316
1369613
1369171
1368784
1368349
1366862
1366422
1366100
1365445
1363394
1363285
1363051
1361695
1361371
1361327
1360507
1360165
1358277
1357553
1357198
1356690
1356268
1355163
1355101
1355007
1354828
1354283
1354129
1353071
1351350
1350760
1350678
1350381
1349609
1347629
1346743
1346237
1346124
1345608
1345020
1344399
1344209
1344173
1343935
1343865
1343687
1342023
1341671
1341588
1340804
1339678
1339189
1338734
1338073
1337737
1337491
1337417
1337052
1336731
1335727
1335233
1334858
1334656
1334438
1334170
1333162
1332604
1332462
1332331
1332268
1331232
1331159
1331097
1330849
1330568
1330247
1329618
1329072
1328620
1328312
1327703
1327526
1327152
1326917
1326396
1324855
1324701
1323870
1323556
1323329
1322539
1319455
1318478
1318468
1318168
1317596
1317408
1316557
1316057
1315901
1315531
1313673
1313279
1312988
1312869
1312779
1312077
1310411
1309767
1309695
1309598
1309514
1309277
1308446
1307797
1307056
1306777
1306354
1306133
1304602
1304530
1303803
1303458
1303406
1302379
1301967
1301546
1301178
1300454
1300178
1298980
1298575
1298425
1298344
1297903
1297329
1297255
1296264
1296081
1295743
1295506
1294254
1294028
1293995
1293858
1293347
1292651
1292474
1292016
1291127
1291077
1290852
1289111
1289075
1289028
1288896
1288849
1288698
1288595
1287668
1287487
1287485
1287327
1287138
1286779
1286427
1286160
1285842
1285413
1285388
1283750
1282474
1282236
1281172
1281167
1280830
1280358
1279739
1279084
1278000
1277260
1276110
1276059
1276036
1275938
1275809
1274742
1273665
1273076
1272921
1272538
1272337
1271725
1271193
1270983
1270842
1270499
1270237
1270173
1270127
1269684
1269660
1269561
1268953
1268603
1268536
1268480
1268156
1267325
1265492
1265339
1264293
1263810
1263070
1262590
1262389
1262235
1262187
1262134
1262068
1261033
1260923
1260652
1259666
1259420
1258348
1258331
1257919
1257213
1257085
1255729
1255613
1255155
1254738
1254609
1254571
1254076
1253928
1253925
1253548
1253360
1252999
1252707
1251750
1251741
1251484
1251246
1250143
1250005
1249761
1249225
1248974
1248631
1248519
1248283
1248063
1248036
1247603
1247381
1246536
1245766
1245581
1244742
1244494
1244282
1243277
1241838
1241518
1241401
1241282
1241273
1241119
1241083
1240137
1238697
1238125
1237653
1237473
1237043
1236446
1235541
1235436
1234345
1234192
1233994
1233949
1233413
1233049
1233047
1232804
1232143
1232100
1231440
1230736
1229340
1229173
1228916
1228319
1227003
1226509
1226449
1225176
1224873
1224790
1224561
1222845
1222749
1221580
1221405
1221166
1221081
1220983
1220763
1220283
1219854
1218904
1218721
1218569
1218555
1218428
1218100
1217771
1217460
1217061
1216914
1216656
1216022
1215895
1215112
1214906
1214448
1214005
1213927
1213916
1213058
1212260
1212072
1212006
1211421
1211140
1209984
1209936
1209440
1209413
1209222
1208715
1208102
1208087
1208051
1207817
1207663
1207250
1206938
1206576
1206538
1206480
1205653
1204871
1204738
1203491
1203385
1202697
1202597
1202166
1201822
1200911
1200337
1200309
1200020
1200018
1199747
1199595
1199533
1198845
1197409
1196786
1196456
1195618
1195460
1195126
1195021
1194974
1194819
1193566
1192658
1192419
1192256
1191699
1191367
1191291
1191241
1190703
1190560
1189277
1189105
1188856
1187484
1187478
1186451
1185199
1184941
1184023
1183488
1183159
1182463
1182357
1181683
1181475
1181273
1181218
1180480
1180246
1179991
1179741
1179678
1179285
1178344
1176706
1176157
1175994
1175873
1174869
1174547
1174443
1174240
1174235
1173905
1173903
1172245
1172113
1170316
1170247
1169468
1168438
1168403
1168388
1168235
1168167
1167314
1167014
1166914
1166867
1164590
1164291
1163133
1161593
1161124
1160875
1160827
1160239
1159056
1159050
1158617
1158040
1157549
1157498
1157209
1157133
1157069
1157031
1156184
1155953
1155750
1155229
1155161
1154806
1154795
1153891
1153190
1152981
1152792
1152448
1151991
1151856
1150963
1150756
1150361
1150059
1149616
1149538
1149259
1148390
1146542
1145447
1144991
1144618
1143753
1143637
1142423
1142362
1141906
1141379
1140693
1140616
1140332
1139834
1139746
1139176
1138540
1138373
1138170
1137909
1137173
1135669
1135255
1135011
1134952
1134854
1134767
1134302
1134285
1133799
1133531
1133199
1133181
1133032
1132398
1132061
1131274
1130956
1130836
1130434
1130396
1129043
1128645
1128031
1127442
1127339
1126716
1126555
1126452
1126404
1126104
1125900
1124943
1124855
1124795
1124301
1123755
1123752
1123219
1123214
1123081
1123004
1122405
1122183
1122177
1122028
1121265
1120922
1120898
1120308
1119947
1119527
1119361
1118524
1116270
1115976
1115652
1115483
1115021
1114872
1114631
1114626
1114238
1112464
1111463
1110773
1110315
1109666
1109498
1109385
1109296
1109224
1108536
1108260
1107863
1107349
1107276
1106303
1105952
1105941
1105695
1105555
1104671
1104467
1104153
1103970
1103902
1103783
1103035
1102965
1102228
1102001
1101744
1101610
1101377
1100850
1100813
1100790
1100359
1099610
1099428
1099385
1098737
1098709
1098390
1098319
1098145
1097289
1097185
1097066
1096743
1096710
1096274
1096202
1095842
1095831
1095745
1094869
1093843
1093676
1093297
1092195
1092088
1091930
1091836
1091708
1091098
1090708
1090667
1090450
1089741
1089516
1089297
1089227
1088356
1087277
1086772
1086663
1086636
1086179
1085727
1085711
1085067
1084764
1084402
1084328
1084096
1084058
1083739
1083529
1082604
1082534
1081490
1081275
1080981
1080922
1080661
1080536
1079927
1079917
1079877
1079794
1078766
1078753
1078355
1077117
1076520
1076414
1076257
1075876
1075755
1074613
1074193
1073537
1073314
1073073
1072835
1072791
1072003
1070554
1070523
1070427
1069891
1069883
1069665
1069141
1069100
1069051
1068663
1068644
1068609
1068572
1068550
1068307
1067476
1067455
1067432
1067360
1067298
1066679
1066290
1065935
1065908
1064903
1064379
1064311
1063947
1062586
1062489
1062147
1061789
1061056
1060547
1060483
1060189
1060032
1060031
1059745
1059565
1059559
1059283
1059051
1058438
1057859
1056157
1055972
1055905
1055365
1054814
1054562
1054306
1054113
1053358
1053346
1052273
1052211
1051902
1051749
1051653
1051008
1050867
1050793
1050370
1049644
1049216
1049143
1049009
1048826
1048228
1048124
1047883
1047737
1047590
1047515
1047479
1046886
1046755
1046550
1046390
1046296
1046168
1045678
1045021
1043915
1043528
1043386
1043278
1042525
1042324
1042101
1042066
1041881
1041863
1041408
1041055
1041011
1039898
1038995
1038829
1038631
1038072
1037965
1037737
1037645
1037385
1037377
1036859
1036775
1036749
1036560
1036452
1036250
1036048
1035384
1035290
1034616
1034299
1033655
1032728
1032580
1032498
1031944
1031934
1031439
1031375
1031205
1031019
1030658
1030547
1030378
1030227
1029244
1028931
1028739
1028611
1028522
1028495
1028171
1027733
1027465
1026847
1026794
1026689
1026680
1026608
1025686
1025630
1025115
1024607
1024049
1023988
1023953
1023781
1023661
1023377
1023125
1023031
1023006
1022999
1022458
1021882
1021760
1021351
1021255
1021039
1020991
1020971
1020938
1020357
1019370
1019176
1019124
1018969
1018678
1018557
1018095
1017821
1017654
1017614
1017593
1017486
1017443
1017057
1016986
1016897
1016684
1016495
1016067
1016036
1015621
1015305
1014627
1014548
1014505
1014121
1014085
1014066
1013764
1013694
1013139
1012890
1012645
1012543
1012132
1011116
1011025
1010992
1010926
1010187
1009834
1009680
1009663
1009343
1009170
1008999
1008947
1008314
1008096
1007686
1007610
1007365
1006890
1006263
1006167
1005971
1005862
1005828
1005687
1005112
1005023
1004615
1004456
1004368
1004304
1003484
1002901
1001930
1001608
1001480
1001138
1000524
1000455
1000196
1000089
999805
998849
998758
998758
998444
998286
998190
998067
998039
997944
997665
997165
997162
997088
996864
996500
996488
995188
995060
994826
994722
994471
994428
994071
993836
993695
993551
993255
992767
992750
992587
992490
992411
992069
991564
991429
991365
991243
991197
990720
990499
990002
989962
989390
989120
988981
988904
988849
988541
987975
986988
986741
986520
986516
986394
986108
985089
984855
984819
984763
983850
983831
983637
983632
983213
982683
982456
982338
982141
981340
981323
981193
980866
980823
980816
979792
979746
979435
978870
978495
978445
978043
977969
977848
977675
977626
977472
977350
976871
976293
976146
976132
976097
975747
975180
973995
973953
973433
973098
972824
972732
972204
972199
972039
971434
971291
970828
970421
970360
969929
969875
969804
969614
969535
969416
969121
968838
968801
968771
968624
968285
968104
967963
967898
967619
967248
967215
966840
966246
966196
965835
965613
965441
965154
965144
964986
964790
964778
964743
964500
964248
964142
964073
963821
963760
963739
963645
963404
963286
963248
962520
962435
962029
961993
961798
961693
961050
960578
960209
960053
959618
959338
959112
959056
959044
958869
958446
957805
957762
957396
957369
956683
956560
956076
955976
955943
955108
954872
954585
954313
954079
953665
953557
953369
953299
953186
953090
952722
952625
952436
952359
951908
951152
950905
950748
950647
950254
949971
949925
949757
949614
949323
949025
948662
948286
948218
947725
947359
947117
946563
946405
946178
945993
945935
945808
945711
945073
945010
944985
944662
944361
944010
943959
943591
943533
943363
943207
943051
942796
942736
942424
941764
941715
941549
941431
941407
941140
940728
940349
940204
940059
939722
939361
939234
939100
939047
938901
938050
937317
937255
937066
937058
936735
936491
936250
935949
935714
935054
934971
934700
934587
933979
933816
932851
932840
932745
932502
932297
931331
931184
931140
931014
930878
930478
929877
929382
929153
928702
928511
927781
927089
926592
925832
925729
925501
925338
924850
924097
923665
923538
923513
923484
923233
923153
923091
923005
922802
922590
922434
922233
921690
921660
921368
921308
921287
921217
920843
920391
919835
919675
919402
919131
918873
918451
918420
918261
918252
917411
916690
915785
915153
914740
914740
914377
913888
913684
913660
913617
913453
913403
912994
912776
912759
912295
912151
912041
911978
911688
911218
911169
911085
910962
910699
910645
909600
908839
908480
908265
908242
908087
907894
907825
907476
907018
906712
906557
906383
906029
905958
905655
905504
905195
904455
903501
903232
902842
902162
901989
901922
901565
901279
901207
900700
900504
900472
899769
899443
899155
899099
898261
898191
898174
898065
897151
897095
897092
896383
896239
895993
894571
894530
894349
893995
893723
893666
893482
893269
893242
893003
892921
892573
892106
891923
891516
891119
890831
890817
890738
890696
890397
890345
889977
889915
889476
888916
887951
887363
887069
886911
886830
886737
886552
886542
886528
886420
886215
886087
885701
885473
885352
885327
885148
884790
884761
884379
884337
883872
883003
882742
882394
882363
882007
881545
881286
881118
881072
880568
880439
880333
880114
880111
879186
879036
878812
878501
878376
878346
878050
877992
877514
876433
876120
876074
875992
875904
875795
875778
875728
875600
875469
875033
874628
874459
874431
874101
874070
873759
873553
873305
873250
873222
872851
872563
872558
872269
872088
871691
871200
871102
870705
870577
870548
870328
870299
869379
869205
869173
869103
867657
867417
867201
867029
866772
866621
866345
866283
865802
865692
864889
864842
864478
863860
863511
862727
861907
861742
861653
860776
860454
860408
860342
860324
860280
860206
860174
859382
858832
858817
858779
858600
858207
857970
857739
857020
856612
856385
855964
855784
854989
854875
854621
854203
853934
853805
853473
853296
852713
851939
851782
851131
851059
850223
850064
849903
849720
849599
849282
849008
848838
848668
848608
848114
848051
847948
847927
847926
847713
847643
847534
847465
847459
846939
846778
846598
846216
846149
845978
845433
844412
844372
844309
844159
843749
843547
843444
843225
843022
842606
842556
842411
842338
842208
842150
841978
841723
841653
841631
841499
841323
841110
841045
840942
840914
840683
840092
839767
839411
839396
838843
838801
838787
838726
837361
837306
837215
837130
836304
836044
835734
835502
834633
834574
834426
834198
833851
833802
833601
833349
833113
833080
832950
832788
832279
831880
831854
831575
831187
830716
830552
830089
829925
829755
829743
829528
829348
829192
829024
828937
828781
828728
828624
828425
828411
828254
828044
827955
827946
827819
827815
827801
827591
827445
827266
827195
826719
826548
826129
826077
826031
825383
825330
824101
824017
823168
823099
822805
822634
822314
822231
822148
822145
821774
821764
821604
820961
820739
820159
819865
819805
819746
819621
818902
818695
818522
818049
817866
817329
817226
817041
817010
816714
816662
816624
816606
816555
816346
816027
815934
815706
815481
815351
815295
815274
815246
815171
814976
814749
814715
814540
814199
814136
813838
813794
813590
813418
813232
812959
812759
812479
812408
812322
812265
812204
812134
812120
811855
811739
810710
810346
810266
810249
810164
809993
809500
809130
808853
808598
808548
808160
808140
808078
807958
807884
807835
807729
807479
807371
807151
807106
806856
806532
806457
806154
806000
805955
805913
805119
804824
804758
804568
804422
804363
803891
803707
803608
803068
802971
802811
802702
802491
802373
802288
802160
802048
802022
801681
801486
801181
801169
800972
800898
800770
800714
800607
800604
800422
800307
800120
800024
800007
799399
798922
798632
798399
798272
797917
797533
797215
796984
796850
796052
795658
794747
794661
794512
794161
794145
793983
793757
792868
792840
792764
792671
792484
792379
792012
791802
791769
791614
791381
791131
791127
790849
790811
790455
790030
789919
789596
789575
789124
788623
788288
787849
787573
787561
787445
787222
786743
786650
786263
786207
785805
785442
785356
785150
785102
784778
784501
784484
784436
784238
783380
783313
783308
783181
783086
783036
782969
782897
782799
782682
782471
782383
781844
781463
781093
780942
780857
780405
780229
780151
780060
779991
779986
779930
778914
778469
777903
777454
777401
777359
777262
777256
777255
776854
776831
776777
776479
776251
776204
776190
776041
775920
775792
775636
775592
775457
775106
774864
774849
774771
774253
773986
773532
773419
773151
772456
772177
772009
771927
771785
771481
771274
771232
770954
770588
770344
769832
769471
769360
769117
768090
768041
767971
767315
767279
767255
766965
766873
766729
766344
766326
766250
765784
765684
765635
765628
764957
764342
763959
763799
763562
763370
763228
762703
762668
762566
762541
762223
762212
762098
761976
761966
761896
761843
761728
761670
761488
761291
761279
761106
760800
760676
760675
760165
759802
759722
759659
759548
759457
759397
759241
759153
758746
758534
758091
757957
757936
757709
757649
757566
757371
757172
756719
756640
756621
756560
756366
756181
756147
755973
755723
755304
755279
755160
754757
754694
754289
754187
754037
753987
753882
753867
753843
753478
753300
752911
752910
752899
752881
752802
752515
752500
752357
752345
752095
751809
751760
751682
751410
751170
751140
751060
751014
750767
750384
750103
750084
749989
749853
749791
749609
749408
749331
749215
748971
748910
748466
748444
748233
748220
747997
747935
747867
747732
747591
747238
746892
746445
746333
746311
746282
746012
745859
745540
745410
745256
745248
745181
745150
745102
744926
744397
744351
744086
744057
743929
743743
743729
743445
743163
742973
742758
742664
742651
742631
742475
742251
742201
742185
742148
741948
741384
741331
741258
741214
740978
740794
740625
740603
740434
740329
740220
739531
739230
739106
739025
738838
738811
738535
738381
738380
738340
738324
738272
738090
738075
737624
737603
737544
737316
737237
737175
737048
737035
736993
736744
736463
736427
736368
736151
736100
736073
736042
735911
735861
735818
735792
735512
735479
735310
735128
734980
734929
734906
734858
734791
734711
734442
734388
734260
734163
734149
734149
733987
733708
733659
733613
733573
733560
733338
733235
733163
733130
732872
732599
732523
732396
732005
731881
731823
731775
731621
731410
731373
731300
731297
731192
731190
731087
730928
730745
730661
730521
730030
730028
729625
729552
729281
729003
728547
728290
728047
727966
727895
727754
727390
727344
726839
726800
726784
726576
726445
726405
726357
726152
726142
726141
726073
725904
725472
725390
725329
724918
724597
724576
723621
723606
723070
722514
722473
722206
722095
721886
721699
721293
721264
721167
721074
720921
720827
720724
720586
720412
720398
720302
720111
719880
719077
718895
718871
718732
718707
718555
718094
718041
718040
717759
717700
717578
717281
717090
716800
716741
716726
716685
716549
716396
716056
715847
715841
715763
715582
715493
715263
715199
714934
714862
714850
714822
714767
714654
714608
714345
713755
713585
713579
713532
713290
713216
712423
712323
712079
712027
711904
711581
711249
711235
711105
711051
710975
710853
710832
710675
710630
710622
710604
710396
710382
710151
709941
709886
709822
709803
709728
709391
709331
709304
709212
709136
708588
708015
707895
707788
707696
707621
707443
707431
707259
707131
707086
707084
706606
706302
706241
706106
705935
705609
705578
705574
705443
705268
705264
705115
705110
705077
705032
704960
704638
704619
704548
704481
704362
704252
704026
703856
703717
703597
703113
702940
702940
702616
702383
702283
702271
702256
702170
702065
701576
701575
701205
701165
701164
701125
701089
700967
700793
700615
700596
700279
699882
699868
699620
699529
699408
699280
699068
698817
698771
698581
698559
698461
698122
697917
697905
697720
697597
697515
697497
696793
696572
696500
696237
696223
696207
696056
696002
695720
695691
695683
695637
695583
695561
695512
695403
695367
695257
695251
695189
695132
695059
694914
694902
694835
694767
694682
694661
694550
694486
694365
694066
693826
693764
693400
693177
693039
692386
692207
692191
692127
692092
692087
692015
691974
691952
691950
691821
691797
691279
691138
690916
690912
690488
690353
690283
690262
690197
690036
690008
689861
689638
689621
689512
689360
688562
688546
688437
688320
688318
688187
688120
687978
687564
687342
687238
687221
687163
687060
686557
686406
686137
685932
685721
685636
685398
685398
685301
685260
685222
685219
685169
685118
684982
684962
684476
684472
684438
684356
684244
684003
683939
683921
683765
683587
683537
683458
683403
683267
683167
683076
682984
682718
682279
682175
682170
682050
681862
681588
680901
680462
680418
680363
679844
679723
679420
679416
679205
679059
678839
678832
678788
678605
678331
678330
677986
677860
677771
677686
677609
677593
677338
677290
677090
676902
676552
676468
676446
675968
675275
674680
674288
674237
674130
674092
674076
674022
674003
673687
673649
673311
673271
673240
673237
673180
673127
672810
672727
672639
672519
672444
672321
672308
672184
672171
672091
672037
671751
671481
671474
671363
671110
670678
670558
670445
670344
670204
670168
670161
669943
669842
669701
669468
669315
668803
668769
668609
668589
668522
668460
668331
668009
667849
667810
667787
667565
667487
666960
666870
666851
666437
666421
666057
665993
665953
665646
665555
665554
665532
665309
665204
665106
664875
664636
664622
664490
664484
664478
664418
664266
664182
664130
664042
663844
663776
663643
663631
663361
663358
663282
663260
663200
663084
662690
662505
662495
662388
662325
662228
662168
662121
661871
661861
661739
661733
661650
661343
660946
660850
660665
660613
660551
660502
660482
659912
659888
659721
659643
659475
659401
659351
659208
659034
658894
658793
658706
658680
658614
658503
658403
658271
658240
658054
657981
657915
657876
657627
657608
657213
657113
656923
656745
656734
656688
656684
656173
656080
655988
655904
655882
655766
655606
655538
655044
655041
654898
654787
654578
654497
654368
654098
653789
653504
653436
653261
653257
653190
652896
652885
652759
652701
652697
652678
652649
652535
652505
652505
652374
652273
652145
651976
651940
651930
651234
651161
650647
650602
650383
650328
650251
650169
650133
650080
650066
649982
649922
649340
649026
648967
648845
648780
648659
648416
648401
648200
647988
647786
647783
647724
647696
647667
647595
647575
647553
647550
647136
647055
646918
646840
646767
646624
646117
646099
646072
645697
645684
645616
645572
645438
645369
645263
645177
645165
644707
644446
643968
643830
643719
643692
643495
642961
642797
642682
642458
642283
642165
642145
642101
641791
641716
641426
641370
641178
640872
640869
640821
640819
640769
640359
639868
639833
639520
639512
639241
639162
638963
638915
638595
638236
638149
638149
638065
638033
638001
637986
637621
637491
636966
636483
636434
636324
636318
636295
636257
636248
636174
636149
636146
636098
636061
636022
635934
635885
635861
635763
635673
635655
635536
635315
635287
635276
635130
635118
634769
634716
634715
634695
634691
634669
634446
634346
634316
634279
634142
634061
634019
633913
633718
633588
633525
633506
633477
633181
633083
633011
632920
632768
632694
632561
632460
632406
632260
632137
632086
631957
631804
631731
631555
631290
630924
630903
630726
630237
629774
629555
629525
629166
628697
628477
628392
628203
628124
628072
627915
627776
627759
627319
627312
627297
626991
626664
626661
626629
626607
626576
626568
626482
626423
626379
626307
626153
625996
625815
625786
625757
625552
625445
624949
624936
624889
624600
624594
624577
624008
623869
623859
623849
623809
623767
623541
623477
623239
623177
623058
622993
622951
622882
622766
622636
622561
622522
622500
622437
622336
622315
622120
622092
622016
621965
621893
621851
621515
621428
621335
621213
621186
621098
621070
620756
620687
620621
620494
620190
620135
620097
619897
619886
619872
619774
619667
619556
619521
619425
619322
619320
619269
619187
619165
619008
618996
618961
618718
618519
618278
618264
618239
618199
617938
617859
617823
617513
617482
617382
617191
617162
617100
617076
616999
616970
616949
616829
616760
616752
616466
616405
616299
616273
616254
616202
616188
616158
616138
616080
616005
615845
615796
615794
615766
615740
615722
615689
615278
615277
615079
615042
615037
614914
614617
614503
614462
614300
614071
613925
613919
613875
613858
613730
613725
613718
613675
613569
613541
613424
613337
613323
613108
613069
613069
612964
612715
612705
612692
612571
612566
612468
612414
612185
612170
612124
612111
612010
611972
611954
611935
611738
611566
611400
611128
611092
611037
610672
610628
610600
610412
610392
610281
610266
610054
609837
609708
609176
609069
608996
608954
608944
608801
608759
608678
608658
608598
608440
608410
608386
608379
608190
608144
608080
607952
607763
607743
607739
607663
607650
607589
607569
607485
607245
607107
606906
606860
606827
606239
606215
606165
605860
605773
605737
605676
605661
605633
605503
605495
605477
605468
605326
605317
605288
605285
605219
605161
605115
605027
605008
604994
604971
604856
604835
604741
604729
604482
604472
604422
604348
604175
603932
603737
603720
603520
603283
603180
603119
603113
603091
602941
602769
602643
602619
602420
602393
602380
601974
601842
601828
601788
601541
601339
601205
601148
601001
600903
600812
600780
600767
600726
600464
600440
600340
600325
600297
600242
600217
599960
599793
599746
599743
599740
599737
599686
599548
599515
599471
599453
599442
599091
598897
598851
598345
598308
597939
597831
597795
597537
597081
597077
596982
596944
596888
596737
596647
596597
596591
596552
596423
596369
596090
596084
596033
595982
595970
595958
595938
595786
595708
595612
595366
595076
595062
594917
594780
594765
594736
594567
594552
594285
593849
593804
593276
593209
593164
592958
592860
592793
592766
592740
592545
592529
592510
592506
592417
592121
592045
591969
591856
591754
591749
591675
591594
591489
591462
591385
591211
591201
591181
591123
591013
590992
590964
590917
590747
590523
590523
590079
590063
589910
589824
589613
589606
589600
589495
589362
589318
589292
589239
589006
588853
588830
588780
588722
588665
588650
588648
588588
588562
588380
588352
588331
588258
588203
588192
587939
587919
587896
587817
587793
587730
587528
587446
587417
587390
587365
587299
587136
587026
586958
586920
586621
586619
586562
586541
586357
