51010589
50003793
41747093
41049956
39953181
39409504
36165877
34342160
31089740
30948676
29145202
26781662
25238243
24756478
24176178
23327202
22535503
21128431
19882956
19630679
19626803
18500498
18375907
18192500
17956715
17891437
17449909
17427234
17318539
17288956
15875121
15871966
15747692
15737198
15632108
15591828
15139309
15068637
14920769
14358572
14241090
13746059
13717485
13543369
13371951
13257873
12946818
12599050
12440922
12252033
12133218
12111759
11983298
11950361
11829066
11821665
11704375
11510724
11442368
11289114
11186827
11175796
11146469
11130548
10907875
10897190
10726500
10507020
10295697
10287994
10132698
10090328
10060156
9925999
9890946
9857316
9543827
9540444
9526687
9475761
9459966
9373602
9226786
9205372
9120425
9097790
9012488
9008378
8998500
8955242
8935003
8916665
8907095
8554083
8518962
8341988
8219696
8205094
8184500
8179795
8136636
8112521
8094481
8093532
8076866
8072484
8041966
8022476
7931297
7926796
7857834
7844043
7810866
7798898
7763546
7693183
7571863
7535475
7385909
7373333
7340680
7327813
7283081
7253412
7186716
7152490
7042004
6987753
6979398
6977534
6941257
6931880
6920762
6899489
6882623
6859744
6815028
6811646
6673385
6657000
6627609
6601983
6561133
6531346
6408303
6364589
6339761
6319652
6286511
6242812
6239450
6236355
6228969
6177907
6161702
6154709
6094511
6076665
6059265
6054374
6034254
6032674
6008844
6001886
5991105
5984068
5983673
5956224
5944167
5934657
5931247
5871499
5839947
5821915
5808980
5801569
5769985
5742189
5740053
5739209
5727952
5718512
5651325
5638134
5622331
5596195
5553867
5544785
5542335
5508291
5506979
5506367
5505209
5488621
5487923
5485902
5482630
5480888
5458589
5447393
5422783
5410759
5393777
5382349
5378242
5369623
5358515
5355492
5352913
5314360
5301920
5284237
5275733
5254228
5245182
5232098
5229489
5210021
5165244
5164297
5162876
5156307
5149264
5120466
5103662
5087366
5067600
5053785
5051105
5044207
5016174
5001115
4980678
4977949
4974084
4955380
4926809
4909215
4891178
4889508
4889027
4884864
4860124
4826082
4810148
4801789
4801408
4796738
4772861
4759122
4758073
4757363
4744449
4741435
4722160
4721987
4719714
4693465
4687276
4684983
4683712
4675604
4673172
4662248
4660383
4638793
4635293
4617883
4551523
4529927
4524050
4502381
4496222
4494045
4486202
4480124
4475593
4461657
4430656
4427511
4401188
4394903
4388192
4381760
4376994
4371569
4370088
4359561
4328596
4325897
4311673
4300137
4292589
4289482
4287846
4284148
4271091
4266597
4264067
4262687
4240489
4235083
4214982
4208541
4202589
4193421
4175578
4162673
4155205
4151948
4151767
4151248
4145231
4144861
4134640
4132660
4129751
4126663
4112220
4110234
4104626
4094309
4050990
4033735
4024227
4013009
3996135
3990916
3977245
3966898
3966381
3963824
3946721
3944257
3931975
3918689
3912771
3904052
3903870
3890035
3889553
3884645
3870210
3866892
3861421
3860906
3858317
3835989
3832061
3826591
3817138
3810897
3792436
3781053
3771944
3771751
3770304
3760014
3755078
3752842
3747313
3739545
3730392
3727089
3713880
3696372
3688057
3680439
3678925
3675844
3669358
3667548
3664749
3664448
3646500
3645453
3643952
3641480
3638188
3637530
3634444
3634281
3626877
3626874
3620574
3615417
3609889
3609697
3609360
3609101
3605768
3604896
3597626
3591491
3590880
3583342
3579197
3566477
3565549
3562399
3560957
3558057
3551351
3549635
3548444
3547968
3545544
3539372
3538167
3522425
3516406
3513481
3509411
3507602
3505582
3505239
3498018
3495416
3494712
3482839
3470220
3469878
3457497
3449110
3445191
3444951
3442362
3440184
3428085
3426693
3423883
3419547
3409704
3406693
3400540
3395379
3390921
3375664
3369453
3368604
3367442
3366719
3357250
3357166
3354291
3350500
3347639
3346386
3344244
3341305
3336841
3334376
3320882
3320161
3318361
3318036
3317345
3312229
3305270
3298620
3298072
3294261
3288053
3274941
3268616
3267771
3265127
3251485
3246416
3244971
3244941
3243457
3240786
3240250
3229132
3223727
3222148
3216931
3215640
3210161
3201944
3200859
3196959
3194406
3188534
3182298
3180843
3172867
3170849
3169501
3163688
3162638
3155653
3138572
3110292
3110200
3109682
3109343
3108221
3106583
3102943
3091825
3090996
3090446
3089712
3082090
3081482
3080255
3079638
3079122
3078722
3077197
3076848
3073446
3071413
3070313
3066499
3061510
3058411
3053413
3043221
3041375
3035901
3020196
3019907
3019873
3019310
3018779
3017813
3015878
3014304
3006533
3006133
3005589
2995343
2991681
2988881
2986799
2985388
2980078
2974839
2974572
2970740
2969272
2967048
2966379
2962157
2959331
2956794
2954228
2953867
2952271
2949311
2947097
2944323
2944203
2944092
2941404
2939688
2938053
2937071
2935948
2928998
2928344
2925067
2924930
2920789
2915952
2915555
2901718
2891090
2889378
2888789
2884541
2883532
2878841
2878383
2877662
2875457
2869343
2866782
2859443
2859231
2858014
2856765
2848843
2847017
2846702
2842411
2841963
2840362
2839650
2837853
2836678
2833696
2832939
2827898
2827413
2826534
2822973
2822752
2821260
2821150
2820931
2819275
2816207
2807184
2806722
2794489
2793644
2792787
2792542
2790989
2788971
2788206
2784188
2781688
2776780
2774182
2773495
2773299
2772024
2767054
2761278
2759311
2756511
2755073
2753986
2753660
2753006
2749715
2745960
2740064
2737174
2736737
2733187
2732735
2724585
2721867
2721799
2721228
2715267
2714479
2710397
2709492
2707832
2705164
2703405
2699460
2692010
2691073
2690839
2685860
2684660
2675015
2674144
2669299
2669101
2665783
2663899
2663207
2658690
2657086
2656695
2651147
2649458
2646462
2640293
2639182
2638546
2637014
2634341
2629662
2626361
2621054
2613959
2612942
2612800
2606606
2604824
2601883
2596681
2596504
2595973
2593004
2587935
2585268
2580566
2574406
2571904
2568476
2568359
2568321
2561992
2556630
2555520
2551813
2550667
2549103
2547026
2544367
2542814
2541540
2539013
2538356
2537307
2535319
2534036
2532677
2531141
2530996
2526990
2526809
2524653
2523145
2522191
2521869
2521687
2518876
2512689
2512581
2512511
2512123
2510034
2509398
2508943
2505486
2503678
2500045
2498191
2497209
2493476
2491364
2491070
2489567
2481228
2480978
2480475
2480027
2479903
2479623
2479052
2478606
2471818
2468233
2467520
2465752
2460661
2460124
2454121
2446430
2441833
2439539
2438041
2437572
2429762
2429234
2428950
2424858
2412893
2411367
2409188
2404000
2403822
2397116
2394959
2394100
2393097
2389109
2388317
2386918
2386348
2384351
2384327
2372716
2368278
2368243
2367800
2365820
2364936
2364406
2362928
2362260
2357789
2353477
2352861
2351352
2349849
2344087
2342467
2335023
2333596
2332750
2331768
2328384
2325375
2323297
2317063
2315147
2314536
2314164
2312266
2310228
2309629
2308981
2308602
2308338
2305756
2303004
2301146
2298847
2298341
2295222
2294169
2293758
2290928
2290316
2289521
2288729
2286056
2285953
2284125
2279294
2279091
2279020
2275267
2272929
2266290
2266077
2264577
2264172
2263373
2261664
2260341
2258656
2258191
2251138
2249780
2249618
2248968
2248904
2246166
2242913
2241038
2240497
2238219
2234755
2234178
2233432
2232946
2231457
2230898
2226664
2224750
2222600
2221813
2220625
2220371
2217141
2216998
2211466
2211245
2207656
2205128
2203943
2200609
2196618
2194833
2192417
2189374
2189106
2186743
2185313
2182839
2182004
2178981
2176188
2172625
2172583
2170553
2169720
2169270
2169139
2167932
2165656
2164780
2164113
2161895
2159501
2156236
2155627
2153125
2152797
2148506
2148369
2146341
2143485
2142050
2142048
2138016
2134344
2134174
2133560
2132294
2130847
2130162
2129232
2128837
2128621
2125410
2125255
2123246
2117685
2116883
2114939
2114808
2112159
2110530
2106410
2104013
2103320
2102596
2092103
2091326
2091252
2088439
2088227
2087702
2085519
2085476
2085101
2084704
2083379
2080477
2079931
2079033
2078535
2076471
2075442
2074926
2074583
2073910
2073844
2070724
2064480
2063679
2063083
2062512
2059535
2058040
